%task 8
A = [3 23 34 12 34 5 56 23; 12 34 34 32 23 23 45 1; 67 23 2 4 4 5 6 456; 4 5 1 1 2 34 45 56;  67 67 45 67 78 7 8 5; 6 35 5 3 5 56 7 8]

delete=A(1:5,1:7)

%task 9
A(3,end)
A(:)           %print array in one colonm
A(:,end)        %print last colonm
A(2,6)
Y=linspace(20,100)  %print array in the range of 20-100 within 100 colonms
Y=linspace(20,100,50)  %print array in range of 20-100 with 50 colonmscolonm