disp('1st task ');
A=[13 6 9;1 4 8; 2 8 17]

A =

    13     6     9
     1     4     8
     2     8    17

 a=[A(:,1), A(:,1)-A(:,2), A(:,2)-A(:,3)]

